43.46589599939099
53.96906423332696
57.260390507799244
45.26625872298305
61.573571886532235
55.860173576792604
63.548484137597356
64.42399958256186
62.99477223130563
49.04531026424
67.18064659166343
45.8737826313058
42.15613569069452
60.76115343993958
52.971371638768446
61.70376949138678
46.00213851523859
50.929628631069534
60.53770254523695
68.95456565535265
51.690794871455275
56.63965285020459
56.71652918670768
53.11309002616475
58.84999818424648
42.73447702186729
60.11514508508242
54.50520411895272
45.20608867176383
54.23497422511635
62.508779261016635
61.07149009364008
51.20654634780788
45.43550601586127
61.78565707407253
49.555219720158405
64.47537469853884
65.36051022676948
52.2728606554129
55.48183880775501
55.46779645725547
55.39707223799191
65.48934882062963
64.19413928064671
43.547101533848334
47.886550455694916
55.639704292994466
42.259681305729515
44.269736826374036
56.385856019869344
41.103494480898405
55.64244873212105
43.53659351373199
42.68225276067546
40.310541925440454
59.73729745234478
60.8077502852385
42.74242468923883
60.96825482686371
60.768371939722215
61.41800768943196
50.08871132601911
51.34036178423232
56.01442543408182
49.75288464849197
45.05338033450751
49.33430295311406
50.765416542896254
44.08196725264984
63.76040095889421
47.19184092971222
61.67133314041638
55.08086384980112
60.91557814601762
45.51815526186664
49.71050429327361
51.674327087562304
63.37764638779754
67.39366173080552
53.952461160560055
44.41588125818912
41.69938276356454
53.738124596794314
49.00142236269578
59.18724882438969
61.30133495341502
57.84390336587778
55.16505340045609
70.49264755637037
64.89669697567317
61.201759392115044
55.91953705892613
49.01013270518514
52.52683474580046
50.76058319256454
53.01447717040868
60.08044705718955
51.75148800583228
48.72635324264073
55.93064397283236

53.96906423332696
