43.24117935342365
52.9278656461632
45.90468794124024
46.52523091083243
47.89891069204495
47.71254064483279
49.81003434342198
43.08792111863294
44.77847434097569
44.28405001567572
50.88335989477159
45.8737826313058
48.204891140532865
49.98823096032405
47.51062748530916
50.240718286538446
47.99878215798982
45.36629896678544
47.1544933638389
55.50620752752735
46.71192287524184
49.645526656569714
55.14055514989653
51.16763658252913
44.66111749098758
40.02849312977254
46.25298119307965
44.74991082708246
48.922413158372585
44.4174017679273
46.352910194394674
54.4728724722177
39.60510735586706
48.44876750826283
49.749289442906495
47.91628951181798
50.06269915149143
50.86173631019453
45.83362012937476
42.31161956880649
45.3283791473804
43.83764517718201
44.85090088937134
41.598543458383176
43.547101533848334
39.87746000286628
48.1066584703527
44.80839659139909
48.937680400806656
45.77273126720111
40.83337448021257
38.24758804258567
47.74421219856352
42.68225276067546
49.008805462206595
49.40989859549484
46.817787665240914
41.103494480898405
50.76637572511541
40.39926295973007
44.122185761671865
49.6398080749246
50.24617110020205
43.4952390921442
40.5024104707138
45.05338033450751
48.708168807480774
46.92218554446916
44.08196725264984
43.96120315686077
45.55291072137179
45.49987059597357
48.22505748294782
44.657720294398146
44.61337677057493
51.50921945813987
44.23358052014787
51.91220092853683
44.42479895495654
42.367147304526
44.12499319932299
44.351643664269105
40.61251930924683
38.707893111026486
53.91690545270769
44.16394225941235
50.799409792415744
45.05082698797491
53.54342231173328
42.49022872970497
49.69241492708052
53.775663611510765
51.565315250571786
45.12104280500545
50.45358580186782
40.953058568244884
47.90127819578177
45.278687537018996
44.41057821746982
46.926360960551655

