49.25479344846301
65.5705222675486
71.76551903347705
57.449173970056904
89.03117272396287
90.32180366930784
99.75369672356067
68.94938223338795
70.80611040059839
80.1006603139545
65.05538395728615
74.4660350948725
57.17885123623976
86.64630462052592
65.74968825501279
80.77413381875482
86.08009939049872
58.23939560659129
77.88833629009144
86.4135218195916
88.44989446540654
75.38146020081867
78.02577560145093
60.43116944199572
77.386771024517
54.74464189277618
82.94415935512502
72.05557649758566
46.298131081554175
87.423848916572
67.05941741135109
80.97773248384784
59.52409456106596
93.95923675524126
106.73361386649428
74.14301473288344
82.1219506136809
69.30428410962796
60.16020498119289
75.06733384530054
76.83695370085542
96.29075817197337
87.09937747273335
65.89577036260027
71.3535111129629
67.86458410374487
79.56402107919997
46.076335132121486
55.55988879534909
78.99113871531837
64.99900740616896
80.75480640552706
58.559309059277226
64.33884297426783
52.33212772572851
76.53458077927334
65.71748746522745
53.638388965691675
93.32865788266244
47.85484699446248
77.73309491556773
102.61919296391027
98.31477041827117
67.617326854913
47.87253470808496
60.71040350433131
85.36168355060119
69.57148343120708
64.28471301615897
49.3457193797277
53.13368481675015
77.05284206153064
82.53374802931069
70.56229152324036
56.355135285153054
94.53778670117268
53.79959544949165
88.24092468594857
77.52370834329615
66.88023242702035
87.24858374294666
56.31756288660891
83.11973767218822
60.81174543811734
77.34069006497332
75.62608440225893
62.25817171506866
81.05580275850743
77.73469695123651
79.70042733687616
74.3197686892229
71.68731654249129
71.17269284732676
60.95888436557888
73.26062969178682
63.475133636577596
80.04938966333819
71.49571015890346
68.82538600716103
77.37662463983187

71.76551903347705
